167
1001
2688
0.697418 -0.150134 0.0560271
0.703992 -0.176446 0.149835
0.615747 -0.205912 0.0438129
0.620939 -0.225619 0.152667
0.643993 -0.0704688 0.0781952
0.653217 -0.091363 0.174295
0.56002 -0.118832 0.0649904
0.566806 -0.143022 0.171618
0.678536 -0.281705 0.0326538
0.680681 -0.298193 0.131731
0.599758 -0.34598 0.0289648
0.60229 -0.360037 0.12583
0.53866 -0.263643 0.041756
0.539754 -0.279741 0.136863
0.47221 -0.176714 0.0621948
0.479297 -0.19942 0.164218
0.809522 -0.433053 0.00651254
0.817731 -0.434059 0.107566
0.736375 -0.495127 0.0101408
0.749398 -0.500101 0.112043
0.738134 -0.357718 0.0137311
0.747248 -0.361758 0.115368
0.664294 -0.420706 0.0149227
0.675183 -0.430723 0.116173
0.887926 -0.369307 0.0086224
0.888338 -0.362055 0.104406
0.814719 -0.298761 0.00506609
0.820092 -0.290506 0.108872
0.66126 -0.111662 0.271216
0.575796 -0.163504 0.269302
0.599678 -0.0132679 0.197982
0.60727 -0.0289156 0.294007
0.515647 -0.0595425 0.188496
0.52157 -0.0823609 0.287669
0.54541 0.0796904 0.226285
0.552922 0.049658 0.318695
0.466504 0.0240044 0.212757
0.467946 -0.000718023 0.309904
0.736721 -0.0347758 0.178938
0.746301 -0.0566942 0.275731
0.685049 0.0490823 0.2044
0.689836 0.0245997 0.299933
0.38692 -0.229021 0.0596459
0.393123 -0.249571 0.155548
0.422461 -0.0948369 0.0874785
0.430801 -0.116436 0.185735
0.336925 -0.145328 0.0836348
0.343642 -0.167211 0.179471
0.503976 -0.0418377 0.0987512
0.598086 0.010481 0.0921401
0.849229 0.171653 0.110364
0.853791 0.164312 0.209249
0.765091 0.118891 0.109857
0.768788 0.111986 0.208571
0.798767 0.255224 0.113122
0.806426 0.249173 0.222646
0.71106 0.20123 0.116288
0.714643 0.192368 0.220786
0.719694 0.341259 0.11727
0.73014 0.337262 0.234493
0.653262 0.277739 0.131103
0.66309 0.271031 0.227757
0.861405 0.324144 0.113613
0.868962 0.320846 0.212855
0.797404 0.396772 0.122605
0.805038 0.394533 0.218369
0.814584 0.0383758 0.00511902
0.816285 0.0333617 0.105238
0.731032 -0.0155101 0.0048933
0.732608 -0.0201311 0.104197
0.761185 0.122549 0.00965464
0.67716 0.0695604 0.00940512
0.679378 0.0641993 0.10992
0.707555 0.207469 0.016394
0.622631 0.154445 0.0164824
0.627705 0.14558 0.117168
0.845239 0.174784 0.00624074
0.793111 0.259557 0.0147485
0.576476 0.0258562 -0.000400344
0.489848 -0.0229634 0.00441471
0.532074 0.110366 0.0176896
0.541802 0.101536 0.115972
0.444672 0.062713 0.0224117
0.453307 0.0526378 0.120615
0.486758 0.19683 0.0305052
0.494928 0.189323 0.129324
0.397673 0.150485 0.0338027
0.407352 0.141812 0.133201
0.575979 0.243944 0.0266445
0.58456 0.235209 0.125648
0.632531 0.127487 0.218876
1.0152 0.450087 0.0999744
1.01649 0.452301 0.20669
0.935076 0.382348 0.103755
0.944922 0.38133 0.211648
0.950478 0.527383 0.10307
0.962583 0.527249 0.209662
0.864373 0.467342 0.109628
0.874823 0.467018 0.219691
1.00076 0.31416 0.102543
1.00966 0.307058 0.200744
0.923075 0.241553 0.109167
0.933258 0.243 0.206592
0.838726 0.689577 0.119465
0.848914 0.688294 0.217978
0.756381 0.63381 0.126819
0.766948 0.632223 0.226919
0.783225 0.772662 0.126997
0.793886 0.769385 0.226775
0.699759 0.718004 0.135279
0.711429 0.71388 0.234566
0.893016 0.605651 0.112021
0.903411 0.605544 0.210565
0.810904 0.550042 0.120893
0.822624 0.549718 0.219374
1.13926 0.30791 -0.000843176
1.14575 0.308544 0.0940578
1.06174 0.240348 -0.000952732
1.06513 0.237646 0.0939423
1.07167 0.381974 0.000882752
1.07422 0.385419 0.0982528
0.99781 0.314156 -0.00109338
0.985135 0.171514 0.00206453
0.994348 0.170165 0.0995171
0.917193 0.241501 0.00314789
0.909565 0.102127 0.00319266
0.921715 0.101124 0.104225
0.928264 0.382036 0.0031578
0.853775 0.3205 0.0117315
0.863405 0.459474 0.0122342
0.78915 0.398182 0.01238
1.00562 0.444352 0.000437198
0.93835 0.520892 0.00175499
1.27684 0.179063 0.0572526
1.29088 0.165492 0.156102
1.20295 0.105381 0.0593657
1.21847 0.0912651 0.154339
1.2042 0.245368 0.076056
1.22251 0.231941 0.175829
1.13733 0.174573 0.0719516
1.15394 0.160105 0.180187
1.06104 0.0985406 0.0756257
1.07889 0.086114 0.182142
1.07695 0.233548 0.194151
1.01095 0.158007 0.193565
1.1325 0.0341368 0.0599039
1.14774 0.020891 0.155945
1.3443 0.258126 0.0540762
1.36496 0.253407 0.151628
1.26992 0.320186 0.066702
1.29479 0.316202 0.167903
1.21454 0.39103 0.0938193
1.22322 0.374378 0.18647
1.15169 0.304034 0.185731
1.40746 0.348296 0.0411451
1.42194 0.332065 0.138424
1.32416 0.402349 0.0574322
1.34774 0.397295 0.150722
1.23093 0.224605 0.278541
1.15827 0.156829 0.279719
1.16381 0.297711 0.285099
1.09046 0.229744 0.288932
1.08206 0.375512 0.195579
1.0969 0.37342 0.29456
1.02525 0.305568 0.30172
1.02599 0.44377 0.308057
0.95375 0.37359 0.311817
0 1
0 2
0 3
0 4
0 5
0 6
0 7
1 2
1 3
1 4
1 5
1 6
1 7
2 3
2 4
2 5
2 6
2 7
2 12
2 13
2 14
2 15
3 4
3 5
3 6
3 7
3 12
3 13
3 14
3 15
4 5
4 6
4 7
4 30
4 32
4 48
4 49
5 6
5 7
5 28
5 29
5 30
5 31
5 32
5 33
5 40
5 41
5 48
5 49
6 7
6 14
6 15
6 30
6 32
6 44
6 45
6 48
6 49
7 14
7 15
7 29
7 30
7 31
7 32
7 33
7 44
7 45
7 48
7 49
8 2
8 3
8 9
8 10
8 11
8 12
8 13
9 2
9 3
9 10
9 11
9 12
9 13
10 2
10 3
10 11
10 12
10 13
11 2
11 3
11 12
11 13
12 6
12 7
12 13
12 14
12 15
13 6
13 7
13 14
13 15
14 15
14 32
14 42
14 43
14 44
14 45
14 46
14 47
14 48
15 32
15 42
15 43
15 44
15 45
15 46
15 47
15 48
16 17
16 18
16 19
16 20
16 21
16 22
16 23
16 26
16 27
17 18
17 19
17 20
17 21
17 22
17 23
17 26
17 27
18 19
18 20
18 21
18 22
18 23
19 20
19 21
19 22
19 23
20 8
20 9
20 10
20 11
20 21
20 22
20 23
21 8
21 9
21 10
21 11
21 22
21 23
22 8
22 9
22 10
22 11
22 23
23 8
23 9
23 10
23 11
24 16
24 17
24 20
24 21
24 25
24 26
24 27
25 16
25 17
25 20
25 21
25 26
25 27
26 20
26 21
26 27
27 20
27 21
28 7
28 29
28 30
28 31
28 32
28 33
28 40
28 41
29 30
29 31
29 32
29 33
30 31
30 32
30 33
30 34
30 35
30 36
30 37
30 48
30 75
30 81
30 83
30 90
31 32
31 33
31 34
31 35
31 36
31 37
32 33
32 34
32 35
32 36
32 37
32 44
32 45
32 81
32 83
33 34
33 35
33 36
33 37
34 35
34 36
34 37
34 83
35 36
35 37
36 37
38 5
38 28
38 30
38 31
38 39
38 40
38 41
39 5
39 28
39 30
39 31
39 40
39 41
40 30
40 31
40 34
40 41
40 49
40 56
40 57
40 75
40 81
40 90
41 30
41 31
42 43
42 44
42 45
42 46
42 47
43 44
43 45
43 46
43 47
44 45
44 46
44 47
45 46
45 47
46 47
48 32
48 34
48 36
48 44
48 45
48 80
48 81
48 82
48 83
49 30
49 32
49 34
49 36
49 48
49 75
49 79
49 80
49 81
49 82
49 83
49 90
50 51
50 52
50 53
50 54
50 55
50 56
50 57
50 70
50 73
50 77
51 52
51 53
51 54
51 55
51 56
51 57
52 40
52 53
52 54
52 55
52 56
52 57
52 71
52 72
52 73
52 74
52 75
52 77
52 90
53 40
53 54
53 55
53 56
53 57
53 72
53 75
53 90
54 55
54 56
54 57
54 58
54 59
54 60
54 61
54 64
54 65
54 73
55 56
55 57
55 58
55 59
55 60
55 61
55 64
55 65
56 57
56 58
56 59
56 60
56 61
56 74
56 75
56 90
57 58
57 59
57 60
57 61
57 75
57 90
58 59
58 60
58 61
59 60
59 61
60 61
62 54
62 55
62 58
62 59
62 63
62 64
62 65
62 97
62 98
62 129
62 130
63 54
63 55
63 58
63 59
63 64
63 65
63 97
63 98
64 58
64 59
64 65
65 58
65 59
66 52
66 67
66 68
66 69
66 70
66 71
66 72
67 52
67 68
67 69
67 70
67 71
67 72
68 52
68 69
68 70
68 71
68 72
69 52
69 70
69 71
69 72
70 52
70 54
70 56
70 71
70 72
70 73
70 74
70 75
70 77
71 56
71 72
71 73
71 74
71 75
72 30
72 34
72 40
72 49
72 56
72 57
72 73
72 74
72 75
72 81
72 90
73 56
73 74
73 75
74 75
74 80
74 81
74 84
74 85
74 88
74 89
75 34
75 80
75 81
75 84
75 85
75 88
75 89
75 90
76 50
76 52
76 54
76 56
76 70
76 73
76 77
77 54
77 56
77 73
78 48
78 49
78 79
78 80
78 81
78 82
78 83
79 48
79 80
79 81
79 82
79 83
80 81
80 82
80 83
80 84
80 85
80 86
80 87
80 88
80 89
81 34
81 36
81 82
81 83
81 84
81 85
81 86
81 87
81 88
81 89
82 83
82 84
82 85
82 86
82 87
83 36
83 84
83 85
83 86
83 87
84 85
84 86
84 87
85 86
85 87
86 87
88 84
88 85
88 89
89 84
89 85
90 34
90 81
91 92
91 93
91 94
91 95
91 96
91 97
91 98
91 127
91 129
91 132
92 93
92 94
92 95
92 96
92 97
92 98
92 165
92 166
93 62
93 63
93 64
93 65
93 94
93 95
93 96
93 97
93 98
93 128
93 129
93 130
93 132
94 62
94 63
94 64
94 65
94 95
94 96
94 97
94 98
94 166
95 96
95 97
95 98
95 111
95 112
95 113
95 114
95 129
96 97
96 98
96 111
96 112
96 113
96 114
97 64
97 65
97 98
97 111
97 112
97 113
97 114
97 130
98 64
98 65
98 111
98 112
98 113
98 114
99 62
99 63
99 91
99 92
99 93
99 94
99 100
99 101
99 102
99 124
99 127
99 128
100 62
100 63
100 91
100 92
100 93
100 94
100 101
100 102
100 164
100 165
100 166
101 50
101 62
101 63
101 76
101 93
101 94
101 102
101 127
101 128
102 62
102 63
102 93
102 94
103 104
103 105
103 106
103 107
103 108
103 109
103 110
104 105
104 106
104 107
104 108
104 109
104 110
105 106
105 107
105 108
105 109
105 110
106 107
106 108
106 109
106 110
107 108
107 109
107 110
108 109
108 110
109 110
111 103
111 104
111 105
111 106
111 112
111 113
111 114
112 103
112 104
112 105
112 106
112 113
112 114
113 103
113 104
113 105
113 106
113 114
114 103
114 104
114 105
114 106
115 99
115 116
115 117
115 118
115 119
115 120
115 121
116 99
116 100
116 117
116 118
116 119
116 120
116 121
116 143
116 153
116 162
117 99
117 101
117 118
117 119
117 120
117 121
117 122
117 123
117 124
118 99
118 100
118 101
118 119
118 120
118 121
118 122
118 123
118 124
118 143
118 144
118 162
119 99
119 120
119 121
120 91
120 92
120 93
120 94
120 99
120 100
120 121
120 162
121 62
121 93
121 99
121 101
121 124
121 127
121 128
122 50
122 76
122 99
122 101
122 121
122 123
122 124
122 125
122 126
123 50
123 76
123 99
123 101
123 121
123 124
123 125
123 126
123 144
124 50
124 62
124 76
124 93
124 101
124 127
124 128
125 50
125 76
125 101
125 124
125 126
126 50
126 76
126 101
126 124
127 62
127 64
127 93
127 95
127 97
127 128
127 129
127 130
127 132
128 62
128 64
128 97
128 129
128 130
129 64
129 97
129 130
130 64
131 91
131 93
131 95
131 97
131 127
131 129
131 132
132 95
132 97
132 129
133 134
133 135
133 136
133 137
133 138
133 139
133 140
133 149
133 150
134 135
134 136
134 137
134 138
134 139
134 140
134 149
134 150
135 136
135 137
135 138
135 139
135 140
135 141
135 142
135 145
135 146
136 137
136 138
136 139
136 140
136 141
136 142
136 145
136 146
137 116
137 118
137 138
137 139
137 140
137 143
137 151
137 152
137 153
138 116
138 118
138 139
138 140
138 143
138 151
138 152
138 153
138 158
138 159
138 160
138 161
139 116
139 118
139 123
139 140
139 141
139 142
139 143
139 144
139 153
140 116
140 118
140 123
140 141
140 142
140 143
140 144
140 153
140 159
140 160
140 161
141 118
141 123
141 142
141 143
141 144
142 118
142 123
142 143
142 144
143 99
143 100
143 120
143 123
143 144
143 161
143 162
143 163
143 164
145 139
145 140
145 141
145 142
145 146
146 139
146 140
146 141
146 142
147 133
147 134
147 137
147 138
147 148
147 149
147 150
147 156
147 157
148 133
148 134
148 137
148 138
148 149
148 150
148 156
148 157
149 116
149 137
149 138
149 150
149 151
149 152
149 153
150 116
150 137
150 138
150 151
150 152
150 153
151 116
151 152
151 153
152 116
152 153
153 99
153 100
153 118
153 120
153 143
153 160
153 161
153 162
153 163
153 164
154 147
154 148
154 149
154 150
154 155
154 156
154 157
155 147
155 148
155 149
155 150
155 156
155 157
156 149
156 150
156 157
157 149
157 150
158 140
158 143
158 153
158 159
158 160
158 161
159 143
159 153
159 160
159 161
160 100
160 143
160 161
160 162
160 163
160 164
161 100
161 162
161 163
161 164
162 91
162 92
162 93
162 94
162 99
162 100
162 163
162 164
162 165
162 166
163 92
163 94
163 100
163 164
163 165
163 166
164 92
164 94
164 165
164 166
165 94
165 166
0 1 2 
0 1 3 
0 1 4 
0 1 5 
0 1 6 
0 1 7 
0 2 3 
0 2 4 
0 2 5 
0 2 6 
0 2 7 
0 3 4 
0 3 5 
0 3 6 
0 3 7 
0 4 5 
0 4 6 
0 4 7 
0 5 6 
0 5 7 
0 6 7 
1 2 3 
1 2 4 
1 2 5 
1 2 6 
1 2 7 
1 3 4 
1 3 5 
1 3 6 
1 3 7 
1 4 5 
1 4 6 
1 4 7 
1 5 6 
1 5 7 
1 6 7 
2 3 4 
2 3 5 
2 3 6 
2 3 7 
2 4 5 
2 4 6 
2 4 7 
2 5 6 
2 5 7 
2 6 7 
3 4 5 
3 4 6 
3 4 7 
3 5 6 
3 5 7 
3 6 7 
4 5 6 
4 5 7 
4 6 7 
5 6 7 
8 9 10 
8 9 11 
8 9 2 
8 9 3 
8 9 12 
8 9 13 
8 10 11 
8 10 2 
8 10 3 
8 10 12 
8 10 13 
8 11 2 
8 11 3 
8 11 12 
8 11 13 
8 2 3 
8 2 12 
8 2 13 
8 3 12 
8 3 13 
8 12 13 
9 10 11 
9 10 2 
9 10 3 
9 10 12 
9 10 13 
9 11 2 
9 11 3 
9 11 12 
9 11 13 
9 2 3 
9 2 12 
9 2 13 
9 3 12 
9 3 13 
9 12 13 
10 11 2 
10 11 3 
10 11 12 
10 11 13 
10 2 3 
10 2 12 
10 2 13 
10 3 12 
10 3 13 
10 12 13 
11 2 3 
11 2 12 
11 2 13 
11 3 12 
11 3 13 
11 12 13 
2 3 12 
2 3 13 
2 12 13 
3 12 13 
2 3 12 
2 3 13 
2 3 6 
2 3 7 
2 3 14 
2 3 15 
2 12 13 
2 12 6 
2 12 7 
2 12 14 
2 12 15 
2 13 6 
2 13 7 
2 13 14 
2 13 15 
2 6 7 
2 6 14 
2 6 15 
2 7 14 
2 7 15 
2 14 15 
3 12 13 
3 12 6 
3 12 7 
3 12 14 
3 12 15 
3 13 6 
3 13 7 
3 13 14 
3 13 15 
3 6 7 
3 6 14 
3 6 15 
3 7 14 
3 7 15 
3 14 15 
12 13 6 
12 13 7 
12 13 14 
12 13 15 
12 6 7 
12 6 14 
12 6 15 
12 7 14 
12 7 15 
12 14 15 
13 6 7 
13 6 14 
13 6 15 
13 7 14 
13 7 15 
13 14 15 
6 7 14 
6 7 15 
6 14 15 
7 14 15 
16 17 18 
16 17 19 
16 17 20 
16 17 21 
16 17 22 
16 17 23 
16 18 19 
16 18 20 
16 18 21 
16 18 22 
16 18 23 
16 19 20 
16 19 21 
16 19 22 
16 19 23 
16 20 21 
16 20 22 
16 20 23 
16 21 22 
16 21 23 
16 22 23 
17 18 19 
17 18 20 
17 18 21 
17 18 22 
17 18 23 
17 19 20 
17 19 21 
17 19 22 
17 19 23 
17 20 21 
17 20 22 
17 20 23 
17 21 22 
17 21 23 
17 22 23 
18 19 20 
18 19 21 
18 19 22 
18 19 23 
18 20 21 
18 20 22 
18 20 23 
18 21 22 
18 21 23 
18 22 23 
19 20 21 
19 20 22 
19 20 23 
19 21 22 
19 21 23 
19 22 23 
20 21 22 
20 21 23 
20 22 23 
21 22 23 
20 21 22 
20 21 23 
20 21 8 
20 21 9 
20 21 10 
20 21 11 
20 22 23 
20 22 8 
20 22 9 
20 22 10 
20 22 11 
20 23 8 
20 23 9 
20 23 10 
20 23 11 
20 8 9 
20 8 10 
20 8 11 
20 9 10 
20 9 11 
20 10 11 
21 22 23 
21 22 8 
21 22 9 
21 22 10 
21 22 11 
21 23 8 
21 23 9 
21 23 10 
21 23 11 
21 8 9 
21 8 10 
21 8 11 
21 9 10 
21 9 11 
21 10 11 
22 23 8 
22 23 9 
22 23 10 
22 23 11 
22 8 9 
22 8 10 
22 8 11 
22 9 10 
22 9 11 
22 10 11 
23 8 9 
23 8 10 
23 8 11 
23 9 10 
23 9 11 
23 10 11 
8 9 10 
8 9 11 
8 10 11 
9 10 11 
24 25 16 
24 25 17 
24 25 26 
24 25 27 
24 25 20 
24 25 21 
24 16 17 
24 16 26 
24 16 27 
24 16 20 
24 16 21 
24 17 26 
24 17 27 
24 17 20 
24 17 21 
24 26 27 
24 26 20 
24 26 21 
24 27 20 
24 27 21 
24 20 21 
25 16 17 
25 16 26 
25 16 27 
25 16 20 
25 16 21 
25 17 26 
25 17 27 
25 17 20 
25 17 21 
25 26 27 
25 26 20 
25 26 21 
25 27 20 
25 27 21 
25 20 21 
16 17 26 
16 17 27 
16 17 20 
16 17 21 
16 26 27 
16 26 20 
16 26 21 
16 27 20 
16 27 21 
16 20 21 
17 26 27 
17 26 20 
17 26 21 
17 27 20 
17 27 21 
17 20 21 
26 27 20 
26 27 21 
26 20 21 
27 20 21 
5 28 7 
5 28 29 
5 28 30 
5 28 31 
5 28 32 
5 28 33 
5 7 29 
5 7 30 
5 7 31 
5 7 32 
5 7 33 
5 29 30 
5 29 31 
5 29 32 
5 29 33 
5 30 31 
5 30 32 
5 30 33 
5 31 32 
5 31 33 
5 32 33 
28 7 29 
28 7 30 
28 7 31 
28 7 32 
28 7 33 
28 29 30 
28 29 31 
28 29 32 
28 29 33 
28 30 31 
28 30 32 
28 30 33 
28 31 32 
28 31 33 
28 32 33 
7 29 30 
7 29 31 
7 29 32 
7 29 33 
7 30 31 
7 30 32 
7 30 33 
7 31 32 
7 31 33 
7 32 33 
29 30 31 
29 30 32 
29 30 33 
29 31 32 
29 31 33 
29 32 33 
30 31 32 
30 31 33 
30 32 33 
31 32 33 
30 31 32 
30 31 33 
30 31 34 
30 31 35 
30 31 36 
30 31 37 
30 32 33 
30 32 34 
30 32 35 
30 32 36 
30 32 37 
30 33 34 
30 33 35 
30 33 36 
30 33 37 
30 34 35 
30 34 36 
30 34 37 
30 35 36 
30 35 37 
30 36 37 
31 32 33 
31 32 34 
31 32 35 
31 32 36 
31 32 37 
31 33 34 
31 33 35 
31 33 36 
31 33 37 
31 34 35 
31 34 36 
31 34 37 
31 35 36 
31 35 37 
31 36 37 
32 33 34 
32 33 35 
32 33 36 
32 33 37 
32 34 35 
32 34 36 
32 34 37 
32 35 36 
32 35 37 
32 36 37 
33 34 35 
33 34 36 
33 34 37 
33 35 36 
33 35 37 
33 36 37 
34 35 36 
34 35 37 
34 36 37 
35 36 37 
38 39 5 
38 39 28 
38 39 40 
38 39 41 
38 39 30 
38 39 31 
38 5 28 
38 5 40 
38 5 41 
38 5 30 
38 5 31 
38 28 40 
38 28 41 
38 28 30 
38 28 31 
38 40 41 
38 40 30 
38 40 31 
38 41 30 
38 41 31 
38 30 31 
39 5 28 
39 5 40 
39 5 41 
39 5 30 
39 5 31 
39 28 40 
39 28 41 
39 28 30 
39 28 31 
39 40 41 
39 40 30 
39 40 31 
39 41 30 
39 41 31 
39 30 31 
5 28 40 
5 28 41 
5 28 30 
5 28 31 
5 40 41 
5 40 30 
5 40 31 
5 41 30 
5 41 31 
5 30 31 
28 40 41 
28 40 30 
28 40 31 
28 41 30 
28 41 31 
28 30 31 
40 41 30 
40 41 31 
40 30 31 
41 30 31 
14 15 42 
14 15 43 
14 15 44 
14 15 45 
14 15 46 
14 15 47 
14 42 43 
14 42 44 
14 42 45 
14 42 46 
14 42 47 
14 43 44 
14 43 45 
14 43 46 
14 43 47 
14 44 45 
14 44 46 
14 44 47 
14 45 46 
14 45 47 
14 46 47 
15 42 43 
15 42 44 
15 42 45 
15 42 46 
15 42 47 
15 43 44 
15 43 45 
15 43 46 
15 43 47 
15 44 45 
15 44 46 
15 44 47 
15 45 46 
15 45 47 
15 46 47 
42 43 44 
42 43 45 
42 43 46 
42 43 47 
42 44 45 
42 44 46 
42 44 47 
42 45 46 
42 45 47 
42 46 47 
43 44 45 
43 44 46 
43 44 47 
43 45 46 
43 45 47 
43 46 47 
44 45 46 
44 45 47 
44 46 47 
45 46 47 
6 7 14 
6 7 15 
6 7 48 
6 7 32 
6 7 44 
6 7 45 
6 14 15 
6 14 48 
6 14 32 
6 14 44 
6 14 45 
6 15 48 
6 15 32 
6 15 44 
6 15 45 
6 48 32 
6 48 44 
6 48 45 
6 32 44 
6 32 45 
6 44 45 
7 14 15 
7 14 48 
7 14 32 
7 14 44 
7 14 45 
7 15 48 
7 15 32 
7 15 44 
7 15 45 
7 48 32 
7 48 44 
7 48 45 
7 32 44 
7 32 45 
7 44 45 
14 15 48 
14 15 32 
14 15 44 
14 15 45 
14 48 32 
14 48 44 
14 48 45 
14 32 44 
14 32 45 
14 44 45 
15 48 32 
15 48 44 
15 48 45 
15 32 44 
15 32 45 
15 44 45 
48 32 44 
48 32 45 
48 44 45 
32 44 45 
4 5 6 
4 5 7 
4 5 49 
4 5 30 
4 5 48 
4 5 32 
4 6 7 
4 6 49 
4 6 30 
4 6 48 
4 6 32 
4 7 49 
4 7 30 
4 7 48 
4 7 32 
4 49 30 
4 49 48 
4 49 32 
4 30 48 
4 30 32 
4 48 32 
5 6 7 
5 6 49 
5 6 30 
5 6 48 
5 6 32 
5 7 49 
5 7 30 
5 7 48 
5 7 32 
5 49 30 
5 49 48 
5 49 32 
5 30 48 
5 30 32 
5 48 32 
6 7 49 
6 7 30 
6 7 48 
6 7 32 
6 49 30 
6 49 48 
6 49 32 
6 30 48 
6 30 32 
6 48 32 
7 49 30 
7 49 48 
7 49 32 
7 30 48 
7 30 32 
7 48 32 
49 30 48 
49 30 32 
49 48 32 
30 48 32 
50 51 52 
50 51 53 
50 51 54 
50 51 55 
50 51 56 
50 51 57 
50 52 53 
50 52 54 
50 52 55 
50 52 56 
50 52 57 
50 53 54 
50 53 55 
50 53 56 
50 53 57 
50 54 55 
50 54 56 
50 54 57 
50 55 56 
50 55 57 
50 56 57 
51 52 53 
51 52 54 
51 52 55 
51 52 56 
51 52 57 
51 53 54 
51 53 55 
51 53 56 
51 53 57 
51 54 55 
51 54 56 
51 54 57 
51 55 56 
51 55 57 
51 56 57 
52 53 54 
52 53 55 
52 53 56 
52 53 57 
52 54 55 
52 54 56 
52 54 57 
52 55 56 
52 55 57 
52 56 57 
53 54 55 
53 54 56 
53 54 57 
53 55 56 
53 55 57 
53 56 57 
54 55 56 
54 55 57 
54 56 57 
55 56 57 
54 55 56 
54 55 57 
54 55 58 
54 55 59 
54 55 60 
54 55 61 
54 56 57 
54 56 58 
54 56 59 
54 56 60 
54 56 61 
54 57 58 
54 57 59 
54 57 60 
54 57 61 
54 58 59 
54 58 60 
54 58 61 
54 59 60 
54 59 61 
54 60 61 
55 56 57 
55 56 58 
55 56 59 
55 56 60 
55 56 61 
55 57 58 
55 57 59 
55 57 60 
55 57 61 
55 58 59 
55 58 60 
55 58 61 
55 59 60 
55 59 61 
55 60 61 
56 57 58 
56 57 59 
56 57 60 
56 57 61 
56 58 59 
56 58 60 
56 58 61 
56 59 60 
56 59 61 
56 60 61 
57 58 59 
57 58 60 
57 58 61 
57 59 60 
57 59 61 
57 60 61 
58 59 60 
58 59 61 
58 60 61 
59 60 61 
62 63 54 
62 63 55 
62 63 64 
62 63 65 
62 63 58 
62 63 59 
62 54 55 
62 54 64 
62 54 65 
62 54 58 
62 54 59 
62 55 64 
62 55 65 
62 55 58 
62 55 59 
62 64 65 
62 64 58 
62 64 59 
62 65 58 
62 65 59 
62 58 59 
63 54 55 
63 54 64 
63 54 65 
63 54 58 
63 54 59 
63 55 64 
63 55 65 
63 55 58 
63 55 59 
63 64 65 
63 64 58 
63 64 59 
63 65 58 
63 65 59 
63 58 59 
54 55 64 
54 55 65 
54 55 58 
54 55 59 
54 64 65 
54 64 58 
54 64 59 
54 65 58 
54 65 59 
54 58 59 
55 64 65 
55 64 58 
55 64 59 
55 65 58 
55 65 59 
55 58 59 
64 65 58 
64 65 59 
64 58 59 
65 58 59 
66 67 68 
66 67 69 
66 67 70 
66 67 52 
66 67 71 
66 67 72 
66 68 69 
66 68 70 
66 68 52 
66 68 71 
66 68 72 
66 69 70 
66 69 52 
66 69 71 
66 69 72 
66 70 52 
66 70 71 
66 70 72 
66 52 71 
66 52 72 
66 71 72 
67 68 69 
67 68 70 
67 68 52 
67 68 71 
67 68 72 
67 69 70 
67 69 52 
67 69 71 
67 69 72 
67 70 52 
67 70 71 
67 70 72 
67 52 71 
67 52 72 
67 71 72 
68 69 70 
68 69 52 
68 69 71 
68 69 72 
68 70 52 
68 70 71 
68 70 72 
68 52 71 
68 52 72 
68 71 72 
69 70 52 
69 70 71 
69 70 72 
69 52 71 
69 52 72 
69 71 72 
70 52 71 
70 52 72 
70 71 72 
52 71 72 
70 52 71 
70 52 72 
70 52 73 
70 52 56 
70 52 74 
70 52 75 
70 71 72 
70 71 73 
70 71 56 
70 71 74 
70 71 75 
70 72 73 
70 72 56 
70 72 74 
70 72 75 
70 73 56 
70 73 74 
70 73 75 
70 56 74 
70 56 75 
70 74 75 
52 71 72 
52 71 73 
52 71 56 
52 71 74 
52 71 75 
52 72 73 
52 72 56 
52 72 74 
52 72 75 
52 73 56 
52 73 74 
52 73 75 
52 56 74 
52 56 75 
52 74 75 
71 72 73 
71 72 56 
71 72 74 
71 72 75 
71 73 56 
71 73 74 
71 73 75 
71 56 74 
71 56 75 
71 74 75 
72 73 56 
72 73 74 
72 73 75 
72 56 74 
72 56 75 
72 74 75 
73 56 74 
73 56 75 
73 74 75 
56 74 75 
76 50 70 
76 50 52 
76 50 77 
76 50 54 
76 50 73 
76 50 56 
76 70 52 
76 70 77 
76 70 54 
76 70 73 
76 70 56 
76 52 77 
76 52 54 
76 52 73 
76 52 56 
76 77 54 
76 77 73 
76 77 56 
76 54 73 
76 54 56 
76 73 56 
50 70 52 
50 70 77 
50 70 54 
50 70 73 
50 70 56 
50 52 77 
50 52 54 
50 52 73 
50 52 56 
50 77 54 
50 77 73 
50 77 56 
50 54 73 
50 54 56 
50 73 56 
70 52 77 
70 52 54 
70 52 73 
70 52 56 
70 77 54 
70 77 73 
70 77 56 
70 54 73 
70 54 56 
70 73 56 
52 77 54 
52 77 73 
52 77 56 
52 54 73 
52 54 56 
52 73 56 
77 54 73 
77 54 56 
77 73 56 
54 73 56 
78 49 79 
78 49 48 
78 49 80 
78 49 81 
78 49 82 
78 49 83 
78 79 48 
78 79 80 
78 79 81 
78 79 82 
78 79 83 
78 48 80 
78 48 81 
78 48 82 
78 48 83 
78 80 81 
78 80 82 
78 80 83 
78 81 82 
78 81 83 
78 82 83 
49 79 48 
49 79 80 
49 79 81 
49 79 82 
49 79 83 
49 48 80 
49 48 81 
49 48 82 
49 48 83 
49 80 81 
49 80 82 
49 80 83 
49 81 82 
49 81 83 
49 82 83 
79 48 80 
79 48 81 
79 48 82 
79 48 83 
79 80 81 
79 80 82 
79 80 83 
79 81 82 
79 81 83 
79 82 83 
48 80 81 
48 80 82 
48 80 83 
48 81 82 
48 81 83 
48 82 83 
80 81 82 
80 81 83 
80 82 83 
81 82 83 
80 81 82 
80 81 83 
80 81 84 
80 81 85 
80 81 86 
80 81 87 
80 82 83 
80 82 84 
80 82 85 
80 82 86 
80 82 87 
80 83 84 
80 83 85 
80 83 86 
80 83 87 
80 84 85 
80 84 86 
80 84 87 
80 85 86 
80 85 87 
80 86 87 
81 82 83 
81 82 84 
81 82 85 
81 82 86 
81 82 87 
81 83 84 
81 83 85 
81 83 86 
81 83 87 
81 84 85 
81 84 86 
81 84 87 
81 85 86 
81 85 87 
81 86 87 
82 83 84 
82 83 85 
82 83 86 
82 83 87 
82 84 85 
82 84 86 
82 84 87 
82 85 86 
82 85 87 
82 86 87 
83 84 85 
83 84 86 
83 84 87 
83 85 86 
83 85 87 
83 86 87 
84 85 86 
84 85 87 
84 86 87 
85 86 87 
74 75 80 
74 75 81 
74 75 88 
74 75 89 
74 75 84 
74 75 85 
74 80 81 
74 80 88 
74 80 89 
74 80 84 
74 80 85 
74 81 88 
74 81 89 
74 81 84 
74 81 85 
74 88 89 
74 88 84 
74 88 85 
74 89 84 
74 89 85 
74 84 85 
75 80 81 
75 80 88 
75 80 89 
75 80 84 
75 80 85 
75 81 88 
75 81 89 
75 81 84 
75 81 85 
75 88 89 
75 88 84 
75 88 85 
75 89 84 
75 89 85 
75 84 85 
80 81 88 
80 81 89 
80 81 84 
80 81 85 
80 88 89 
80 88 84 
80 88 85 
80 89 84 
80 89 85 
80 84 85 
81 88 89 
81 88 84 
81 88 85 
81 89 84 
81 89 85 
81 84 85 
88 89 84 
88 89 85 
88 84 85 
89 84 85 
52 53 72 
52 53 40 
52 53 56 
52 53 57 
52 53 75 
52 53 90 
52 72 40 
52 72 56 
52 72 57 
52 72 75 
52 72 90 
52 40 56 
52 40 57 
52 40 75 
52 40 90 
52 56 57 
52 56 75 
52 56 90 
52 57 75 
52 57 90 
52 75 90 
53 72 40 
53 72 56 
53 72 57 
53 72 75 
53 72 90 
53 40 56 
53 40 57 
53 40 75 
53 40 90 
53 56 57 
53 56 75 
53 56 90 
53 57 75 
53 57 90 
53 75 90 
72 40 56 
72 40 57 
72 40 75 
72 40 90 
72 56 57 
72 56 75 
72 56 90 
72 57 75 
72 57 90 
72 75 90 
40 56 57 
40 56 75 
40 56 90 
40 57 75 
40 57 90 
40 75 90 
56 57 75 
56 57 90 
56 75 90 
57 75 90 
72 40 49 
72 40 30 
72 40 75 
72 40 90 
72 40 81 
72 40 34 
72 49 30 
72 49 75 
72 49 90 
72 49 81 
72 49 34 
72 30 75 
72 30 90 
72 30 81 
72 30 34 
72 75 90 
72 75 81 
72 75 34 
72 90 81 
72 90 34 
72 81 34 
40 49 30 
40 49 75 
40 49 90 
40 49 81 
40 49 34 
40 30 75 
40 30 90 
40 30 81 
40 30 34 
40 75 90 
40 75 81 
40 75 34 
40 90 81 
40 90 34 
40 81 34 
49 30 75 
49 30 90 
49 30 81 
49 30 34 
49 75 90 
49 75 81 
49 75 34 
49 90 81 
49 90 34 
49 81 34 
30 75 90 
30 75 81 
30 75 34 
30 90 81 
30 90 34 
30 81 34 
75 90 81 
75 90 34 
75 81 34 
90 81 34 
49 30 48 
49 30 32 
49 30 81 
49 30 34 
49 30 83 
49 30 36 
49 48 32 
49 48 81 
49 48 34 
49 48 83 
49 48 36 
49 32 81 
49 32 34 
49 32 83 
49 32 36 
49 81 34 
49 81 83 
49 81 36 
49 34 83 
49 34 36 
49 83 36 
30 48 32 
30 48 81 
30 48 34 
30 48 83 
30 48 36 
30 32 81 
30 32 34 
30 32 83 
30 32 36 
30 81 34 
30 81 83 
30 81 36 
30 34 83 
30 34 36 
30 83 36 
48 32 81 
48 32 34 
48 32 83 
48 32 36 
48 81 34 
48 81 83 
48 81 36 
48 34 83 
48 34 36 
48 83 36 
32 81 34 
32 81 83 
32 81 36 
32 34 83 
32 34 36 
32 83 36 
81 34 83 
81 34 36 
81 83 36 
34 83 36 
91 92 93 
91 92 94 
91 92 95 
91 92 96 
91 92 97 
91 92 98 
91 93 94 
91 93 95 
91 93 96 
91 93 97 
91 93 98 
91 94 95 
91 94 96 
91 94 97 
91 94 98 
91 95 96 
91 95 97 
91 95 98 
91 96 97 
91 96 98 
91 97 98 
92 93 94 
92 93 95 
92 93 96 
92 93 97 
92 93 98 
92 94 95 
92 94 96 
92 94 97 
92 94 98 
92 95 96 
92 95 97 
92 95 98 
92 96 97 
92 96 98 
92 97 98 
93 94 95 
93 94 96 
93 94 97 
93 94 98 
93 95 96 
93 95 97 
93 95 98 
93 96 97 
93 96 98 
93 97 98 
94 95 96 
94 95 97 
94 95 98 
94 96 97 
94 96 98 
94 97 98 
95 96 97 
95 96 98 
95 97 98 
96 97 98 
93 94 62 
93 94 63 
93 94 97 
93 94 98 
93 94 64 
93 94 65 
93 62 63 
93 62 97 
93 62 98 
93 62 64 
93 62 65 
93 63 97 
93 63 98 
93 63 64 
93 63 65 
93 97 98 
93 97 64 
93 97 65 
93 98 64 
93 98 65 
93 64 65 
94 62 63 
94 62 97 
94 62 98 
94 62 64 
94 62 65 
94 63 97 
94 63 98 
94 63 64 
94 63 65 
94 97 98 
94 97 64 
94 97 65 
94 98 64 
94 98 65 
94 64 65 
62 63 97 
62 63 98 
62 63 64 
62 63 65 
62 97 98 
62 97 64 
62 97 65 
62 98 64 
62 98 65 
62 64 65 
63 97 98 
63 97 64 
63 97 65 
63 98 64 
63 98 65 
63 64 65 
97 98 64 
97 98 65 
97 64 65 
98 64 65 
99 100 101 
99 100 102 
99 100 93 
99 100 94 
99 100 62 
99 100 63 
99 101 102 
99 101 93 
99 101 94 
99 101 62 
99 101 63 
99 102 93 
99 102 94 
99 102 62 
99 102 63 
99 93 94 
99 93 62 
99 93 63 
99 94 62 
99 94 63 
99 62 63 
100 101 102 
100 101 93 
100 101 94 
100 101 62 
100 101 63 
100 102 93 
100 102 94 
100 102 62 
100 102 63 
100 93 94 
100 93 62 
100 93 63 
100 94 62 
100 94 63 
100 62 63 
101 102 93 
101 102 94 
101 102 62 
101 102 63 
101 93 94 
101 93 62 
101 93 63 
101 94 62 
101 94 63 
101 62 63 
102 93 94 
102 93 62 
102 93 63 
102 94 62 
102 94 63 
102 62 63 
93 94 62 
93 94 63 
93 62 63 
94 62 63 
103 104 105 
103 104 106 
103 104 107 
103 104 108 
103 104 109 
103 104 110 
103 105 106 
103 105 107 
103 105 108 
103 105 109 
103 105 110 
103 106 107 
103 106 108 
103 106 109 
103 106 110 
103 107 108 
103 107 109 
103 107 110 
103 108 109 
103 108 110 
103 109 110 
104 105 106 
104 105 107 
104 105 108 
104 105 109 
104 105 110 
104 106 107 
104 106 108 
104 106 109 
104 106 110 
104 107 108 
104 107 109 
104 107 110 
104 108 109 
104 108 110 
104 109 110 
105 106 107 
105 106 108 
105 106 109 
105 106 110 
105 107 108 
105 107 109 
105 107 110 
105 108 109 
105 108 110 
105 109 110 
106 107 108 
106 107 109 
106 107 110 
106 108 109 
106 108 110 
106 109 110 
107 108 109 
107 108 110 
107 109 110 
108 109 110 
111 112 113 
111 112 114 
111 112 103 
111 112 104 
111 112 105 
111 112 106 
111 113 114 
111 113 103 
111 113 104 
111 113 105 
111 113 106 
111 114 103 
111 114 104 
111 114 105 
111 114 106 
111 103 104 
111 103 105 
111 103 106 
111 104 105 
111 104 106 
111 105 106 
112 113 114 
112 113 103 
112 113 104 
112 113 105 
112 113 106 
112 114 103 
112 114 104 
112 114 105 
112 114 106 
112 103 104 
112 103 105 
112 103 106 
112 104 105 
112 104 106 
112 105 106 
113 114 103 
113 114 104 
113 114 105 
113 114 106 
113 103 104 
113 103 105 
113 103 106 
113 104 105 
113 104 106 
113 105 106 
114 103 104 
114 103 105 
114 103 106 
114 104 105 
114 104 106 
114 105 106 
103 104 105 
103 104 106 
103 105 106 
104 105 106 
95 96 97 
95 96 98 
95 96 111 
95 96 112 
95 96 113 
95 96 114 
95 97 98 
95 97 111 
95 97 112 
95 97 113 
95 97 114 
95 98 111 
95 98 112 
95 98 113 
95 98 114 
95 111 112 
95 111 113 
95 111 114 
95 112 113 
95 112 114 
95 113 114 
96 97 98 
96 97 111 
96 97 112 
96 97 113 
96 97 114 
96 98 111 
96 98 112 
96 98 113 
96 98 114 
96 111 112 
96 111 113 
96 111 114 
96 112 113 
96 112 114 
96 113 114 
97 98 111 
97 98 112 
97 98 113 
97 98 114 
97 111 112 
97 111 113 
97 111 114 
97 112 113 
97 112 114 
97 113 114 
98 111 112 
98 111 113 
98 111 114 
98 112 113 
98 112 114 
98 113 114 
111 112 113 
111 112 114 
111 113 114 
112 113 114 
115 116 117 
115 116 118 
115 116 119 
115 116 120 
115 116 121 
115 116 99 
115 117 118 
115 117 119 
115 117 120 
115 117 121 
115 117 99 
115 118 119 
115 118 120 
115 118 121 
115 118 99 
115 119 120 
115 119 121 
115 119 99 
115 120 121 
115 120 99 
115 121 99 
116 117 118 
116 117 119 
116 117 120 
116 117 121 
116 117 99 
116 118 119 
116 118 120 
116 118 121 
116 118 99 
116 119 120 
116 119 121 
116 119 99 
116 120 121 
116 120 99 
116 121 99 
117 118 119 
117 118 120 
117 118 121 
117 118 99 
117 119 120 
117 119 121 
117 119 99 
117 120 121 
117 120 99 
117 121 99 
118 119 120 
118 119 121 
118 119 99 
118 120 121 
118 120 99 
118 121 99 
119 120 121 
119 120 99 
119 121 99 
120 121 99 
117 118 122 
117 118 123 
117 118 121 
117 118 99 
117 118 124 
117 118 101 
117 122 123 
117 122 121 
117 122 99 
117 122 124 
117 122 101 
117 123 121 
117 123 99 
117 123 124 
117 123 101 
117 121 99 
117 121 124 
117 121 101 
117 99 124 
117 99 101 
117 124 101 
118 122 123 
118 122 121 
118 122 99 
118 122 124 
118 122 101 
118 123 121 
118 123 99 
118 123 124 
118 123 101 
118 121 99 
118 121 124 
118 121 101 
118 99 124 
118 99 101 
118 124 101 
122 123 121 
122 123 99 
122 123 124 
122 123 101 
122 121 99 
122 121 124 
122 121 101 
122 99 124 
122 99 101 
122 124 101 
123 121 99 
123 121 124 
123 121 101 
123 99 124 
123 99 101 
123 124 101 
121 99 124 
121 99 101 
121 124 101 
99 124 101 
122 123 125 
122 123 126 
122 123 124 
122 123 101 
122 123 76 
122 123 50 
122 125 126 
122 125 124 
122 125 101 
122 125 76 
122 125 50 
122 126 124 
122 126 101 
122 126 76 
122 126 50 
122 124 101 
122 124 76 
122 124 50 
122 101 76 
122 101 50 
122 76 50 
123 125 126 
123 125 124 
123 125 101 
123 125 76 
123 125 50 
123 126 124 
123 126 101 
123 126 76 
123 126 50 
123 124 101 
123 124 76 
123 124 50 
123 101 76 
123 101 50 
123 76 50 
125 126 124 
125 126 101 
125 126 76 
125 126 50 
125 124 101 
125 124 76 
125 124 50 
125 101 76 
125 101 50 
125 76 50 
126 124 101 
126 124 76 
126 124 50 
126 101 76 
126 101 50 
126 76 50 
124 101 76 
124 101 50 
124 76 50 
101 76 50 
127 93 128 
127 93 62 
127 93 129 
127 93 97 
127 93 130 
127 93 64 
127 128 62 
127 128 129 
127 128 97 
127 128 130 
127 128 64 
127 62 129 
127 62 97 
127 62 130 
127 62 64 
127 129 97 
127 129 130 
127 129 64 
127 97 130 
127 97 64 
127 130 64 
93 128 62 
93 128 129 
93 128 97 
93 128 130 
93 128 64 
93 62 129 
93 62 97 
93 62 130 
93 62 64 
93 129 97 
93 129 130 
93 129 64 
93 97 130 
93 97 64 
93 130 64 
128 62 129 
128 62 97 
128 62 130 
128 62 64 
128 129 97 
128 129 130 
128 129 64 
128 97 130 
128 97 64 
128 130 64 
62 129 97 
62 129 130 
62 129 64 
62 97 130 
62 97 64 
62 130 64 
129 97 130 
129 97 64 
129 130 64 
97 130 64 
121 99 124 
121 99 101 
121 99 127 
121 99 93 
121 99 128 
121 99 62 
121 124 101 
121 124 127 
121 124 93 
121 124 128 
121 124 62 
121 101 127 
121 101 93 
121 101 128 
121 101 62 
121 127 93 
121 127 128 
121 127 62 
121 93 128 
121 93 62 
121 128 62 
99 124 101 
99 124 127 
99 124 93 
99 124 128 
99 124 62 
99 101 127 
99 101 93 
99 101 128 
99 101 62 
99 127 93 
99 127 128 
99 127 62 
99 93 128 
99 93 62 
99 128 62 
124 101 127 
124 101 93 
124 101 128 
124 101 62 
124 127 93 
124 127 128 
124 127 62 
124 93 128 
124 93 62 
124 128 62 
101 127 93 
101 127 128 
101 127 62 
101 93 128 
101 93 62 
101 128 62 
127 93 128 
127 93 62 
127 128 62 
93 128 62 
131 91 127 
131 91 93 
131 91 132 
131 91 95 
131 91 129 
131 91 97 
131 127 93 
131 127 132 
131 127 95 
131 127 129 
131 127 97 
131 93 132 
131 93 95 
131 93 129 
131 93 97 
131 132 95 
131 132 129 
131 132 97 
131 95 129 
131 95 97 
131 129 97 
91 127 93 
91 127 132 
91 127 95 
91 127 129 
91 127 97 
91 93 132 
91 93 95 
91 93 129 
91 93 97 
91 132 95 
91 132 129 
91 132 97 
91 95 129 
91 95 97 
91 129 97 
127 93 132 
127 93 95 
127 93 129 
127 93 97 
127 132 95 
127 132 129 
127 132 97 
127 95 129 
127 95 97 
127 129 97 
93 132 95 
93 132 129 
93 132 97 
93 95 129 
93 95 97 
93 129 97 
132 95 129 
132 95 97 
132 129 97 
95 129 97 
133 134 135 
133 134 136 
133 134 137 
133 134 138 
133 134 139 
133 134 140 
133 135 136 
133 135 137 
133 135 138 
133 135 139 
133 135 140 
133 136 137 
133 136 138 
133 136 139 
133 136 140 
133 137 138 
133 137 139 
133 137 140 
133 138 139 
133 138 140 
133 139 140 
134 135 136 
134 135 137 
134 135 138 
134 135 139 
134 135 140 
134 136 137 
134 136 138 
134 136 139 
134 136 140 
134 137 138 
134 137 139 
134 137 140 
134 138 139 
134 138 140 
134 139 140 
135 136 137 
135 136 138 
135 136 139 
135 136 140 
135 137 138 
135 137 139 
135 137 140 
135 138 139 
135 138 140 
135 139 140 
136 137 138 
136 137 139 
136 137 140 
136 138 139 
136 138 140 
136 139 140 
137 138 139 
137 138 140 
137 139 140 
138 139 140 
139 140 141 
139 140 142 
139 140 118 
139 140 143 
139 140 123 
139 140 144 
139 141 142 
139 141 118 
139 141 143 
139 141 123 
139 141 144 
139 142 118 
139 142 143 
139 142 123 
139 142 144 
139 118 143 
139 118 123 
139 118 144 
139 143 123 
139 143 144 
139 123 144 
140 141 142 
140 141 118 
140 141 143 
140 141 123 
140 141 144 
140 142 118 
140 142 143 
140 142 123 
140 142 144 
140 118 143 
140 118 123 
140 118 144 
140 143 123 
140 143 144 
140 123 144 
141 142 118 
141 142 143 
141 142 123 
141 142 144 
141 118 143 
141 118 123 
141 118 144 
141 143 123 
141 143 144 
141 123 144 
142 118 143 
142 118 123 
142 118 144 
142 143 123 
142 143 144 
142 123 144 
118 143 123 
118 143 144 
118 123 144 
143 123 144 
135 136 145 
135 136 146 
135 136 139 
135 136 140 
135 136 141 
135 136 142 
135 145 146 
135 145 139 
135 145 140 
135 145 141 
135 145 142 
135 146 139 
135 146 140 
135 146 141 
135 146 142 
135 139 140 
135 139 141 
135 139 142 
135 140 141 
135 140 142 
135 141 142 
136 145 146 
136 145 139 
136 145 140 
136 145 141 
136 145 142 
136 146 139 
136 146 140 
136 146 141 
136 146 142 
136 139 140 
136 139 141 
136 139 142 
136 140 141 
136 140 142 
136 141 142 
145 146 139 
145 146 140 
145 146 141 
145 146 142 
145 139 140 
145 139 141 
145 139 142 
145 140 141 
145 140 142 
145 141 142 
146 139 140 
146 139 141 
146 139 142 
146 140 141 
146 140 142 
146 141 142 
139 140 141 
139 140 142 
139 141 142 
140 141 142 
147 148 133 
147 148 134 
147 148 149 
147 148 150 
147 148 137 
147 148 138 
147 133 134 
147 133 149 
147 133 150 
147 133 137 
147 133 138 
147 134 149 
147 134 150 
147 134 137 
147 134 138 
147 149 150 
147 149 137 
147 149 138 
147 150 137 
147 150 138 
147 137 138 
148 133 134 
148 133 149 
148 133 150 
148 133 137 
148 133 138 
148 134 149 
148 134 150 
148 134 137 
148 134 138 
148 149 150 
148 149 137 
148 149 138 
148 150 137 
148 150 138 
148 137 138 
133 134 149 
133 134 150 
133 134 137 
133 134 138 
133 149 150 
133 149 137 
133 149 138 
133 150 137 
133 150 138 
133 137 138 
134 149 150 
134 149 137 
134 149 138 
134 150 137 
134 150 138 
134 137 138 
149 150 137 
149 150 138 
149 137 138 
150 137 138 
149 150 137 
149 150 138 
149 150 151 
149 150 152 
149 150 116 
149 150 153 
149 137 138 
149 137 151 
149 137 152 
149 137 116 
149 137 153 
149 138 151 
149 138 152 
149 138 116 
149 138 153 
149 151 152 
149 151 116 
149 151 153 
149 152 116 
149 152 153 
149 116 153 
150 137 138 
150 137 151 
150 137 152 
150 137 116 
150 137 153 
150 138 151 
150 138 152 
150 138 116 
150 138 153 
150 151 152 
150 151 116 
150 151 153 
150 152 116 
150 152 153 
150 116 153 
137 138 151 
137 138 152 
137 138 116 
137 138 153 
137 151 152 
137 151 116 
137 151 153 
137 152 116 
137 152 153 
137 116 153 
138 151 152 
138 151 116 
138 151 153 
138 152 116 
138 152 153 
138 116 153 
151 152 116 
151 152 153 
151 116 153 
152 116 153 
154 155 147 
154 155 148 
154 155 156 
154 155 157 
154 155 149 
154 155 150 
154 147 148 
154 147 156 
154 147 157 
154 147 149 
154 147 150 
154 148 156 
154 148 157 
154 148 149 
154 148 150 
154 156 157 
154 156 149 
154 156 150 
154 157 149 
154 157 150 
154 149 150 
155 147 148 
155 147 156 
155 147 157 
155 147 149 
155 147 150 
155 148 156 
155 148 157 
155 148 149 
155 148 150 
155 156 157 
155 156 149 
155 156 150 
155 157 149 
155 157 150 
155 149 150 
147 148 156 
147 148 157 
147 148 149 
147 148 150 
147 156 157 
147 156 149 
147 156 150 
147 157 149 
147 157 150 
147 149 150 
148 156 157 
148 156 149 
148 156 150 
148 157 149 
148 157 150 
148 149 150 
156 157 149 
156 157 150 
156 149 150 
157 149 150 
138 158 140 
138 158 159 
138 158 153 
138 158 160 
138 158 143 
138 158 161 
138 140 159 
138 140 153 
138 140 160 
138 140 143 
138 140 161 
138 159 153 
138 159 160 
138 159 143 
138 159 161 
138 153 160 
138 153 143 
138 153 161 
138 160 143 
138 160 161 
138 143 161 
158 140 159 
158 140 153 
158 140 160 
158 140 143 
158 140 161 
158 159 153 
158 159 160 
158 159 143 
158 159 161 
158 153 160 
158 153 143 
158 153 161 
158 160 143 
158 160 161 
158 143 161 
140 159 153 
140 159 160 
140 159 143 
140 159 161 
140 153 160 
140 153 143 
140 153 161 
140 160 143 
140 160 161 
140 143 161 
159 153 160 
159 153 143 
159 153 161 
159 160 143 
159 160 161 
159 143 161 
153 160 143 
153 160 161 
153 143 161 
160 143 161 
153 160 143 
153 160 161 
153 160 162 
153 160 163 
153 160 100 
153 160 164 
153 143 161 
153 143 162 
153 143 163 
153 143 100 
153 143 164 
153 161 162 
153 161 163 
153 161 100 
153 161 164 
153 162 163 
153 162 100 
153 162 164 
153 163 100 
153 163 164 
153 100 164 
160 143 161 
160 143 162 
160 143 163 
160 143 100 
160 143 164 
160 161 162 
160 161 163 
160 161 100 
160 161 164 
160 162 163 
160 162 100 
160 162 164 
160 163 100 
160 163 164 
160 100 164 
143 161 162 
143 161 163 
143 161 100 
143 161 164 
143 162 163 
143 162 100 
143 162 164 
143 163 100 
143 163 164 
143 100 164 
161 162 163 
161 162 100 
161 162 164 
161 163 100 
161 163 164 
161 100 164 
162 163 100 
162 163 164 
162 100 164 
163 100 164 
162 163 100 
162 163 164 
162 163 92 
162 163 165 
162 163 94 
162 163 166 
162 100 164 
162 100 92 
162 100 165 
162 100 94 
162 100 166 
162 164 92 
162 164 165 
162 164 94 
162 164 166 
162 92 165 
162 92 94 
162 92 166 
162 165 94 
162 165 166 
162 94 166 
163 100 164 
163 100 92 
163 100 165 
163 100 94 
163 100 166 
163 164 92 
163 164 165 
163 164 94 
163 164 166 
163 92 165 
163 92 94 
163 92 166 
163 165 94 
163 165 166 
163 94 166 
100 164 92 
100 164 165 
100 164 94 
100 164 166 
100 92 165 
100 92 94 
100 92 166 
100 165 94 
100 165 166 
100 94 166 
164 92 165 
164 92 94 
164 92 166 
164 165 94 
164 165 166 
164 94 166 
92 165 94 
92 165 166 
92 94 166 
165 94 166 
120 162 99 
120 162 100 
120 162 91 
120 162 92 
120 162 93 
120 162 94 
120 99 100 
120 99 91 
120 99 92 
120 99 93 
120 99 94 
120 100 91 
120 100 92 
120 100 93 
120 100 94 
120 91 92 
120 91 93 
120 91 94 
120 92 93 
120 92 94 
120 93 94 
162 99 100 
162 99 91 
162 99 92 
162 99 93 
162 99 94 
162 100 91 
162 100 92 
162 100 93 
162 100 94 
162 91 92 
162 91 93 
162 91 94 
162 92 93 
162 92 94 
162 93 94 
99 100 91 
99 100 92 
99 100 93 
99 100 94 
99 91 92 
99 91 93 
99 91 94 
99 92 93 
99 92 94 
99 93 94 
100 91 92 
100 91 93 
100 91 94 
100 92 93 
100 92 94 
100 93 94 
91 92 93 
91 92 94 
91 93 94 
92 93 94 
116 153 118 
116 153 143 
116 153 120 
116 153 162 
116 153 99 
116 153 100 
116 118 143 
116 118 120 
116 118 162 
116 118 99 
116 118 100 
116 143 120 
116 143 162 
116 143 99 
116 143 100 
116 120 162 
116 120 99 
116 120 100 
116 162 99 
116 162 100 
116 99 100 
153 118 143 
153 118 120 
153 118 162 
153 118 99 
153 118 100 
153 143 120 
153 143 162 
153 143 99 
153 143 100 
153 120 162 
153 120 99 
153 120 100 
153 162 99 
153 162 100 
153 99 100 
118 143 120 
118 143 162 
118 143 99 
118 143 100 
118 120 162 
118 120 99 
118 120 100 
118 162 99 
118 162 100 
118 99 100 
143 120 162 
143 120 99 
143 120 100 
143 162 99 
143 162 100 
143 99 100 
120 162 99 
120 162 100 
120 99 100 
162 99 100 
137 138 139 
137 138 140 
137 138 116 
137 138 153 
137 138 118 
137 138 143 
137 139 140 
137 139 116 
137 139 153 
137 139 118 
137 139 143 
137 140 116 
137 140 153 
137 140 118 
137 140 143 
137 116 153 
137 116 118 
137 116 143 
137 153 118 
137 153 143 
137 118 143 
138 139 140 
138 139 116 
138 139 153 
138 139 118 
138 139 143 
138 140 116 
138 140 153 
138 140 118 
138 140 143 
138 116 153 
138 116 118 
138 116 143 
138 153 118 
138 153 143 
138 118 143 
139 140 116 
139 140 153 
139 140 118 
139 140 143 
139 116 153 
139 116 118 
139 116 143 
139 153 118 
139 153 143 
139 118 143 
140 116 153 
140 116 118 
140 116 143 
140 153 118 
140 153 143 
140 118 143 
116 153 118 
116 153 143 
116 118 143 
153 118 143 
